Algorithm parameters

Maximum Open Stacks: 13
Execution time: 0.003476 seconds
Number of Customers (Pieces): 20
Number of Products (Patterns): 40
Products (Patterns) eliminated in the Pre-processing: 0
Products (Patterns) Sequence:
6 
5 
4 
23 
25 
21 
39 
2 
3 
18 
40 
38 
36 
19 
20 
1 
22 
37 
35 
33 
16 
17 
8 
27 
29 
31 
7 
15 
26 
24 
10 
9 
13 
34 
12 
30 
32 
11 
14 
28 

Solution Matrix (Patterns (Products) x Pieces (Customers)):
0 0 0 0 0 1 1 1 1 0 0 0 0 0 0 0 0 0 0 0 
0 0 0 0 1 1 1 1 0 0 0 0 0 0 0 0 0 0 0 0 
0 0 0 1 1 1 1 0 0 0 0 0 0 0 0 0 0 0 0 0 
0 0 1 0 1 0 1 0 1 0 0 0 0 0 0 0 0 0 0 0 
0 0 0 0 1 0 1 0 1 0 1 0 0 0 0 0 0 0 0 0 
1 0 1 0 1 0 1 0 0 0 0 0 0 0 0 0 0 0 0 0 
1 0 1 0 1 0 0 0 0 0 0 0 0 0 0 0 0 0 1 0 
0 1 1 1 1 0 0 0 0 0 0 0 0 0 0 0 0 0 0 0 
0 0 1 1 1 1 0 0 0 0 0 0 0 0 0 0 0 0 0 0 
1 0 0 0 0 0 0 0 0 0 0 0 0 0 0 0 0 1 1 1 
0 1 0 1 0 1 0 0 0 0 0 0 0 0 0 0 0 0 0 1 
0 1 0 1 0 0 0 0 0 0 0 0 0 0 0 0 0 1 0 1 
0 1 0 0 0 0 0 0 0 0 0 0 0 0 0 1 0 1 0 1 
1 1 0 0 0 0 0 0 0 0 0 0 0 0 0 0 0 0 1 1 
1 1 1 0 0 0 0 0 0 0 0 0 0 0 0 0 0 0 0 1 
1 1 1 1 0 0 0 0 0 0 0 0 0 0 0 0 0 0 0 0 
0 1 0 1 0 1 0 1 0 0 0 0 0 0 0 0 0 0 0 0 
1 0 1 0 0 0 0 0 0 0 0 0 0 0 0 0 1 0 1 0 
1 0 0 0 0 0 0 0 0 0 0 0 0 0 1 0 1 0 1 0 
0 0 0 0 0 0 0 0 0 0 0 0 1 0 1 0 1 0 1 0 
0 0 0 0 0 0 0 0 0 0 0 0 0 0 0 1 1 1 1 0 
0 0 0 0 0 0 0 0 0 0 0 0 0 0 0 0 1 1 1 1 
0 0 0 0 0 0 0 1 1 1 1 0 0 0 0 0 0 0 0 0 
0 0 0 0 0 0 1 0 1 0 1 0 1 0 0 0 0 0 0 0 
0 0 0 0 0 0 0 0 1 0 1 0 1 0 1 0 0 0 0 0 
0 0 0 0 0 0 0 0 0 0 1 0 1 0 1 0 1 0 0 0 
0 0 0 0 0 0 1 1 1 1 0 0 0 0 0 0 0 0 0 0 
0 0 0 0 0 0 0 0 0 0 0 0 0 0 1 1 1 1 0 0 
0 0 0 0 0 1 0 1 0 1 0 1 0 0 0 0 0 0 0 0 
0 0 0 1 0 1 0 1 0 1 0 0 0 0 0 0 0 0 0 0 
0 0 0 0 0 0 0 0 0 1 1 1 1 0 0 0 0 0 0 0 
0 0 0 0 0 0 0 0 1 1 1 1 0 0 0 0 0 0 0 0 
0 0 0 0 0 0 0 0 0 0 0 0 1 1 1 1 0 0 0 0 
0 0 0 0 0 0 0 0 0 0 0 0 0 1 0 1 0 1 0 1 
0 0 0 0 0 0 0 0 0 0 0 1 1 1 1 0 0 0 0 0 
0 0 0 0 0 0 0 0 0 1 0 1 0 1 0 1 0 0 0 0 
0 0 0 0 0 0 0 0 0 0 0 1 0 1 0 1 0 1 0 0 
0 0 0 0 0 0 0 0 0 0 1 1 1 1 0 0 0 0 0 0 
0 0 0 0 0 0 0 0 0 0 0 0 0 1 1 1 1 0 0 0 
0 0 0 0 0 0 0 1 0 1 0 1 0 1 0 0 0 0 0 0 

Solution Matrix (Pieces (Customers) x Patterns (Products)):
0 0 0 0 0 0 0 0 0 1 1 1 1 1 1 0 0 0 0 0 0 1 0 0 0 0 0 0 0 0 0 0 0 1 0 0 0 0 0 0 
0 0 0 0 0 0 1 0 0 1 0 0 0 1 0 0 0 1 1 1 1 1 0 0 0 0 0 0 0 0 0 0 0 0 0 0 0 0 0 0 
0 0 0 0 0 0 0 0 0 1 0 1 1 0 0 0 0 0 0 0 1 1 0 0 0 0 0 1 0 0 0 0 0 1 0 0 1 0 0 0 
0 0 0 0 0 0 0 0 0 0 0 0 0 0 0 0 0 1 1 1 1 1 0 0 0 1 0 1 0 0 0 0 0 0 0 0 0 0 1 0 
0 0 0 0 0 0 0 0 0 0 0 0 1 0 0 0 0 0 0 0 1 0 0 0 0 0 0 1 0 0 0 0 1 1 0 1 1 0 1 0 
0 0 0 0 0 0 0 0 0 0 0 0 0 0 0 0 0 0 1 1 0 0 0 0 1 1 0 1 0 0 0 0 1 0 1 0 0 0 1 0 
0 0 0 0 0 0 0 0 0 0 0 0 0 0 0 0 0 0 0 0 0 0 0 0 0 0 0 0 0 0 0 0 1 1 1 1 1 1 1 1 
0 0 0 0 0 0 0 0 0 0 0 0 0 0 0 0 0 0 0 1 0 0 0 1 1 1 0 0 0 0 1 0 1 0 1 0 0 1 0 0 
0 0 0 0 0 0 0 0 0 0 0 0 0 0 0 0 0 0 0 0 0 0 0 0 0 0 0 0 1 0 1 1 0 0 1 1 1 1 0 1 
0 0 0 0 1 0 0 0 0 0 0 0 0 0 0 0 0 0 0 0 0 0 1 1 1 1 0 0 0 0 1 1 0 0 0 0 0 1 0 0 
0 0 0 0 0 0 0 0 0 0 0 0 0 0 0 0 0 0 0 0 0 0 1 0 0 0 1 0 1 1 1 1 0 0 0 1 0 0 0 1 
1 0 0 1 1 0 0 0 0 0 0 0 0 0 0 0 0 0 0 0 0 0 1 1 1 0 1 0 0 0 0 1 0 0 0 0 0 0 0 0 
1 1 0 0 0 0 0 0 0 0 0 0 0 0 0 0 1 0 0 0 0 0 1 0 0 0 1 0 1 1 0 0 0 0 0 0 0 0 0 1 
1 1 1 1 1 1 0 0 0 0 0 0 0 0 0 0 0 0 0 0 0 0 0 1 0 0 1 0 0 0 0 0 0 0 0 0 0 0 0 0 
1 1 1 0 0 0 0 0 1 0 1 0 0 0 0 0 1 0 0 0 0 0 0 0 0 0 0 0 1 1 0 0 0 0 0 0 0 0 0 0 
0 1 1 1 1 1 1 1 1 0 0 0 0 0 0 0 0 0 0 0 0 0 0 0 0 0 0 0 0 0 0 0 0 0 0 0 0 0 0 0 
0 0 1 0 0 0 0 1 1 0 1 1 0 0 0 1 1 0 0 0 0 0 0 0 0 0 0 0 0 1 0 0 0 0 0 0 0 0 0 0 
0 0 0 1 0 1 1 1 1 0 0 0 0 0 1 1 0 1 0 0 0 0 0 0 0 0 0 0 0 0 0 0 0 0 0 0 0 0 0 0 
0 0 0 0 0 0 0 1 0 0 1 1 1 1 1 1 1 0 0 0 0 0 0 0 0 0 0 0 0 0 0 0 0 0 0 0 0 0 0 0 
0 0 0 0 0 1 1 0 0 1 0 0 0 1 1 1 0 1 1 0 0 0 0 0 0 0 0 0 0 0 0 0 0 0 0 0 0 0 0 0 
