Algorithm parameters

Maximum Open Stacks: 12
Execution time: 0.001262 seconds
Number of Customers (Pieces): 20
Number of Products (Patterns): 30
Products (Patterns) eliminated in the Pre-processing: 10
Products (Patterns) Sequence:
18 
4 [dominated]
16 [dominated]
19 [dominated]
21 [dominated]
10 
9 [dominated]
23 
28 
22 
12 [dominated]
20 
1 [dominated]
26 
27 
2 
14 
7 
6 
17 
3 
11 
8 
15 
29 [dominated]
25 
24 [dominated]
13 [dominated]
5 
30 

Solution Matrix (Patterns (Products) x Pieces (Customers)):
0 0 0 0 0 1 0 0 0 1 0 0 1 0 0 0 0 1 0 1 
0 0 0 0 0 1 0 0 0 1 0 0 0 0 0 0 0 0 0 0 
0 0 0 0 0 0 0 0 0 1 0 0 0 0 0 0 0 0 0 0 
0 0 0 0 0 0 0 0 0 0 0 0 1 0 0 0 0 0 0 1 
0 0 0 0 0 0 0 0 0 1 0 0 0 0 0 0 0 0 0 1 
0 0 0 1 0 0 0 0 0 1 0 0 1 1 0 0 0 1 1 0 
0 0 0 0 0 0 0 0 0 1 0 0 0 0 0 0 0 0 1 0 
0 1 0 0 1 0 0 0 0 1 0 0 0 0 0 0 0 1 0 1 
0 1 0 0 0 0 0 0 0 1 0 0 1 0 0 0 0 0 1 1 
0 1 0 0 0 1 0 0 0 0 0 0 0 1 0 0 0 0 1 1 
0 1 0 0 0 0 0 0 0 0 0 0 0 0 0 0 0 0 1 0 
0 0 0 0 1 1 0 0 0 0 0 0 1 1 0 1 0 0 1 1 
0 0 0 0 0 0 0 0 0 0 0 0 0 0 0 0 0 0 1 1 
0 1 0 1 0 1 0 0 0 0 0 1 1 0 0 0 0 1 1 0 
0 1 0 1 1 1 0 0 0 0 0 0 1 0 0 0 1 0 0 0 
0 1 0 0 0 0 0 0 0 0 1 0 1 1 0 1 1 1 0 0 
0 1 0 1 0 1 1 0 0 0 1 1 0 1 0 1 0 1 0 0 
1 0 0 0 1 1 1 0 0 0 0 1 0 1 0 0 1 1 0 0 
1 0 1 1 0 0 0 0 0 0 0 0 0 1 0 1 1 0 0 0 
0 0 0 1 1 0 0 1 0 0 1 0 0 0 0 1 0 1 0 0 
0 0 0 1 1 0 1 0 1 0 0 1 0 1 0 0 0 0 0 0 
0 0 1 0 0 0 1 0 0 0 0 1 0 0 1 0 1 0 0 0 
1 0 0 1 1 0 0 1 0 0 1 1 0 0 1 1 1 0 0 0 
1 0 1 0 0 0 1 1 1 0 1 1 0 0 0 1 0 0 0 0 
1 0 1 0 0 0 1 0 1 0 0 0 0 0 0 0 0 0 0 0 
1 0 1 0 0 0 0 1 1 0 1 0 0 0 1 0 1 0 0 0 
1 0 1 0 0 0 0 0 1 0 0 0 0 0 1 0 0 0 0 0 
0 0 0 0 0 0 0 0 1 0 0 0 0 0 1 0 0 0 0 0 
1 0 0 0 0 0 1 1 0 0 1 0 0 0 1 0 0 0 0 0 
0 0 0 0 1 0 1 1 1 0 1 1 0 0 0 1 1 0 0 0 

Solution Matrix (Pieces (Customers) x Patterns (Products)):
1 0 0 1 1 0 0 1 1 1 0 1 1 0 0 0 0 0 0 0 0 0 0 0 0 0 0 0 0 0 
0 0 0 0 0 1 1 0 1 1 1 1 1 1 0 0 0 0 0 0 0 0 0 0 0 0 0 0 0 0 
1 0 0 0 0 1 0 1 0 0 0 0 0 1 0 1 1 1 0 1 0 0 0 0 0 0 0 0 0 0 
0 0 0 0 0 0 0 0 0 0 0 0 0 0 1 1 0 1 1 0 0 1 1 0 0 1 0 0 0 1 
0 0 0 0 0 0 0 0 0 0 0 1 0 0 0 1 1 0 1 1 0 0 1 1 0 0 0 0 0 1 
0 0 0 0 0 0 0 0 0 0 0 0 0 0 0 0 0 0 0 0 0 1 1 0 0 1 1 1 1 0 
0 0 0 0 0 1 0 0 0 1 0 1 0 0 0 1 1 1 1 0 1 0 0 0 0 0 0 0 0 0 
1 0 0 1 0 1 0 0 1 0 0 1 0 1 1 1 0 0 0 0 0 0 0 0 0 0 0 0 0 0 
0 0 0 0 0 0 0 0 0 0 0 0 0 1 0 0 1 1 0 0 1 1 1 1 0 0 0 0 0 1 
0 0 0 0 0 0 0 0 0 0 0 0 0 0 0 1 1 0 0 1 0 0 1 1 0 1 0 0 1 1 
1 1 1 0 1 1 1 1 1 0 0 0 0 0 0 0 0 0 0 0 0 0 0 0 0 0 0 0 0 0 
0 0 0 0 0 0 0 0 0 0 0 0 0 0 0 0 0 0 0 0 1 0 0 1 1 1 1 1 0 1 
0 0 0 0 0 0 0 0 0 0 0 0 0 0 0 0 0 0 0 1 0 0 1 1 0 1 0 0 1 1 
0 0 0 0 0 0 0 0 0 0 0 0 0 0 0 0 1 1 0 0 1 1 0 1 1 0 0 0 1 1 
1 1 0 0 0 0 0 0 0 1 0 1 0 1 1 0 1 1 0 0 0 0 0 0 0 0 0 0 0 0 
0 0 0 0 0 0 0 1 0 0 0 1 0 0 1 0 0 1 0 1 1 0 1 0 0 0 0 0 0 1 
0 0 0 0 0 1 0 0 0 0 0 0 0 1 1 0 1 0 1 1 1 0 1 0 0 0 0 0 0 0 
0 0 0 0 0 0 0 0 0 0 0 0 0 0 0 0 0 0 1 0 0 1 0 1 1 1 1 0 0 0 
0 0 0 0 0 0 0 1 1 1 1 0 0 1 1 1 1 0 0 0 0 0 0 0 0 0 0 0 0 0 
0 0 0 0 0 0 0 0 0 0 0 0 0 0 0 0 0 1 1 0 0 0 1 1 1 1 1 0 1 0 
