Algorithm parameters

Maximum Open Stacks: 12
Execution time: 0.000818 seconds
Number of Customers (Pieces): 20
Number of Products (Patterns): 30
Products (Patterns) eliminated in the Pre-processing: 7
Products (Patterns) Sequence:
17 
6 [dominated]
27 
29 
2 
1 [dominated]
19 
22 
14 
4 [dominated]
18 [dominated]
5 
20 [dominated]
24 
15 
11 
30 
25 
8 
28 
26 
23 
7 
9 
13 
10 
3 [dominated]
16 
21 
12 [dominated]

Solution Matrix (Patterns (Products) x Pieces (Customers)):
0 1 0 0 0 0 0 0 1 1 0 0 0 0 0 0 1 0 0 0 
0 1 0 0 0 0 0 0 1 0 0 0 0 0 0 0 0 0 0 0 
0 0 0 0 0 0 0 0 1 1 0 0 0 1 0 0 0 0 1 0 
1 0 0 0 0 0 0 0 1 1 0 0 0 0 0 1 0 0 0 0 
1 0 0 0 0 0 1 0 0 1 0 0 0 0 0 0 1 0 0 0 
1 0 0 0 0 0 0 0 0 1 0 0 0 0 0 0 0 0 0 0 
0 1 0 0 0 0 1 1 0 0 0 0 0 0 1 0 1 0 1 0 
0 1 0 0 0 0 1 0 1 1 0 0 0 0 1 0 0 0 1 0 
1 0 0 0 0 0 0 0 1 0 0 0 0 0 1 1 1 0 1 0 
0 0 0 0 0 0 0 0 0 0 0 0 0 0 1 0 0 0 1 0 
0 0 0 0 0 0 0 0 1 0 0 0 0 0 1 1 0 0 0 0 
1 1 0 0 0 0 0 1 0 1 0 0 0 0 1 1 0 0 0 0 
0 0 0 0 0 0 0 0 0 1 0 0 0 0 1 0 0 0 0 0 
1 1 0 0 0 1 0 0 1 0 0 0 0 1 1 1 1 0 0 0 
1 1 1 0 0 0 0 1 0 0 0 0 0 1 0 0 1 0 1 0 
1 1 1 0 0 1 0 0 0 0 0 0 0 0 0 1 0 0 1 1 
1 0 0 0 0 1 1 1 0 0 0 0 0 0 0 1 1 1 1 1 
1 0 1 1 0 0 1 0 0 0 0 0 0 1 0 1 1 1 0 0 
0 0 1 1 0 1 0 1 0 0 1 0 0 0 0 1 0 0 0 0 
0 0 0 0 0 0 1 1 0 0 0 1 0 1 0 1 0 1 0 0 
0 0 1 1 0 0 0 0 0 0 1 1 0 1 0 0 0 1 0 0 
0 0 1 1 1 0 0 0 0 0 1 1 0 1 0 0 0 0 0 0 
0 0 1 0 1 0 1 0 0 0 1 0 0 0 0 0 0 1 0 0 
0 0 0 1 0 1 1 0 0 0 1 1 1 0 0 0 0 1 0 1 
0 0 1 0 0 1 1 0 0 0 0 1 1 1 0 0 0 1 0 1 
0 0 1 1 1 0 0 0 0 0 1 1 1 0 0 0 0 0 0 1 
0 0 0 0 1 0 0 0 0 0 0 1 0 0 0 0 0 0 0 1 
0 0 0 1 1 0 0 0 0 0 0 0 1 0 0 0 0 1 0 1 
0 0 1 1 1 1 1 1 0 0 0 0 1 1 0 0 0 0 0 1 
0 0 0 0 0 1 0 1 0 0 0 0 1 1 0 0 0 0 0 1 

Solution Matrix (Pieces (Customers) x Patterns (Products)):
0 0 0 0 0 0 0 0 0 0 0 0 0 0 0 1 1 0 0 0 0 0 0 1 1 1 1 1 1 1 
0 0 1 0 0 0 1 1 1 1 0 0 0 0 1 1 1 0 0 0 0 0 0 0 0 0 0 0 0 0 
0 0 0 0 0 0 0 0 0 0 0 0 0 0 0 0 1 1 0 1 1 0 1 1 1 0 0 1 0 0 
1 0 0 0 1 0 1 0 1 0 0 0 0 1 1 0 1 1 0 0 0 0 0 0 0 0 0 0 0 0 
0 0 0 1 0 0 0 0 1 0 1 1 0 1 0 1 1 1 1 1 0 0 0 0 0 0 0 0 0 0 
0 0 0 0 0 0 1 1 1 1 1 1 1 1 0 0 0 0 0 0 0 0 0 0 0 0 0 0 0 0 
0 0 1 0 0 0 0 0 0 0 0 0 0 1 1 0 0 1 0 1 1 1 0 0 1 0 0 0 1 1 
0 0 0 0 0 0 0 0 0 0 0 0 0 0 0 0 0 0 0 0 0 0 0 1 1 1 0 1 1 1 
0 0 0 0 0 0 0 0 0 0 0 0 0 0 0 0 0 0 0 1 1 1 0 1 1 1 1 0 0 0 
0 0 0 0 0 0 0 0 0 0 0 0 0 0 0 0 0 0 1 0 1 1 1 1 0 1 0 0 0 0 
1 0 1 1 1 1 0 1 0 0 0 1 1 0 0 0 0 0 0 0 0 0 0 0 0 0 0 0 0 0 
1 1 1 1 0 0 0 1 1 0 1 0 0 1 0 0 0 0 0 0 0 0 0 0 0 0 0 0 0 0 
0 0 0 0 0 0 1 0 0 0 0 1 0 0 1 0 1 0 1 1 0 0 0 0 0 0 0 0 1 1 
0 0 0 0 1 0 1 1 0 0 0 0 0 0 0 0 1 1 0 1 0 0 1 1 1 0 0 0 1 0 
0 0 0 0 0 0 0 0 0 0 0 0 0 1 0 1 1 0 1 0 0 0 0 1 1 0 0 0 1 1 
0 0 0 0 0 0 0 0 0 0 0 0 0 0 0 0 0 0 0 0 0 1 1 0 0 1 1 1 1 0 
0 0 0 0 0 0 0 0 0 0 0 0 0 0 0 0 0 1 1 0 1 1 0 1 0 1 0 1 1 0 
0 0 0 0 0 0 0 0 0 0 0 0 0 0 1 1 0 1 1 0 1 1 1 0 1 1 0 0 1 0 
1 1 0 0 0 0 1 1 0 0 0 1 0 1 1 1 0 0 0 0 0 0 0 0 0 0 0 0 0 0 
0 0 0 1 1 1 0 0 1 0 0 1 0 1 1 1 1 1 0 0 0 0 0 0 0 0 0 0 0 0 
