Algorithm parameters

Maximum Open Stacks: 7
Execution time: 0.001843 seconds
Number of Customers (Pieces): 15
Number of Products (Patterns): 25
Products (Patterns) eliminated in the Pre-processing: 10
Products (Patterns) Sequence:
5 
1 
2 
6 [dominated]
23 
8 [dominated]
10 [dominated]
3 
24 
13 [dominated]
22 
12 
20 [dominated]
25 
9 
11 
7 
15 
21 
4 [dominated]
16 [dominated]
19 [dominated]
14 [dominated]
18 [dominated]
17 

Solution Matrix (Patterns (Products) x Pieces (Customers)):
1 1 0 0 0 0 0 0 0 0 0 0 0 0 0 
1 0 1 0 0 0 0 0 0 0 0 0 0 0 0 
0 1 1 0 0 0 1 1 0 0 1 0 0 0 0 
0 1 1 0 0 0 1 0 0 0 0 0 0 0 0 
0 1 1 0 0 0 0 1 1 0 1 0 0 0 0 
0 1 1 0 0 0 0 0 1 0 0 0 0 0 0 
0 0 1 0 0 0 0 1 1 0 0 0 0 0 0 
0 1 0 0 0 0 1 1 1 0 0 1 0 0 0 
1 0 0 0 0 0 1 1 1 0 0 0 0 0 1 
1 0 0 0 0 0 1 0 1 0 0 0 0 0 0 
0 0 0 0 0 0 1 1 0 0 0 1 0 0 1 
1 0 0 0 0 0 0 0 1 0 1 0 0 1 1 
0 0 0 0 0 0 0 0 1 0 0 0 0 1 1 
1 0 0 0 1 0 0 0 0 0 0 0 0 1 1 
0 0 0 1 1 0 0 0 0 0 1 1 0 1 0 
1 0 0 1 0 0 0 0 0 0 1 0 0 1 0 
1 0 0 0 1 0 0 0 0 0 1 0 0 0 1 
0 0 0 0 1 0 0 0 0 1 1 1 1 1 0 
0 0 0 1 1 1 0 0 0 1 0 1 1 0 0 
0 0 0 0 0 1 0 0 0 1 0 1 1 0 0 
0 0 0 0 0 1 0 0 0 0 0 1 0 0 0 
0 0 0 0 0 1 0 0 0 1 0 0 1 0 0 
0 0 0 1 0 0 0 0 0 1 0 1 1 0 0 
0 0 0 1 1 1 0 0 0 0 0 1 0 0 0 
0 0 0 1 1 1 0 0 0 1 1 0 1 0 0 

Solution Matrix (Pieces (Customers) x Patterns (Products)):
0 0 0 0 0 0 0 0 1 0 1 1 1 1 0 0 1 0 0 0 0 0 0 0 0 
0 0 0 0 0 0 0 0 0 0 0 1 1 1 1 1 0 1 0 0 0 0 0 0 0 
0 0 0 0 0 0 0 0 0 0 0 0 0 0 0 0 0 1 1 1 0 1 1 0 1 
0 0 0 0 0 0 0 1 0 0 1 0 0 0 1 0 0 1 1 1 1 0 1 1 0 
0 0 1 0 1 0 0 0 0 0 0 1 0 0 1 1 1 1 0 0 0 0 0 0 1 
0 0 0 0 0 0 0 0 0 0 0 0 0 0 0 0 0 1 1 1 0 1 1 0 1 
0 0 0 0 1 1 1 1 1 1 0 1 1 0 0 0 0 0 0 0 0 0 0 0 0 
0 0 1 0 1 0 1 1 1 0 1 0 0 0 0 0 0 0 0 0 0 0 0 0 0 
0 0 1 1 0 0 0 1 1 1 1 0 0 0 0 0 0 0 0 0 0 0 0 0 0 
0 0 0 0 0 0 0 0 0 0 0 0 0 0 0 0 0 0 1 1 1 1 0 1 1 
0 0 0 0 0 0 0 0 0 0 0 0 0 1 1 0 1 1 1 0 0 0 0 1 1 
0 0 0 0 0 0 0 0 0 0 0 0 0 0 1 1 0 0 1 0 0 0 1 1 1 
0 1 1 1 1 1 1 0 0 0 0 0 0 0 0 0 0 0 0 0 0 0 0 0 0 
1 0 1 1 1 1 0 1 0 0 0 0 0 0 0 0 0 0 0 0 0 0 0 0 0 
1 1 0 0 0 0 0 0 1 1 0 1 0 1 0 1 1 0 0 0 0 0 0 0 0 
